   500178570570015370000036400001022023300120245035763012
   500178570570015370000036400001022023300120245035763011
   500178570570015370000036400001022023300120245035763010
   500178570570015370000036400001022023300120245035763009
   500178570570015370000036400001022023300120245035763008
   500178570570015370000036400001022023300120245035763007
   500178570570015370000036400001022023300120245035763006
   500178570570015370000036400001022023300120245035763005
   500178570570015370000036400001022023300120245035763004
   500178570570015370000036400001022023300120245035763003
   500178570570015370000036400001022023300120245035763002
   500178570570015370000036400001022023300120245035763001
   500178570570015370000029900001022023300120240035763012
   500178570570015370000029900001022023300120240035763011
   500178570570015370000029900001022023300120240035763010
   500178570570015370000029900001022023300120240035763009
   500178570570015370000029900001022023300120240035763008
   500178570570015370000029900001022023300120240035763007
   500178570570015370000029900001022023300120240035763006
   500178570570015370000029900001022023300120240035763005
   500178570570015370000029900001022023300120240035763004
   500178570570015370000029900001022023300120240035763003
   500178570570015370000029900001022023300120240035763002
   500178570570015370000029900001022023300120240035763001
   500329809540015370000051350001012023301220235035763009
   500329809540015370000051350001012023301220235035763008
   500329809540015370000051350001012023301220235035763007
   500329809540015370000051350001012023301220235035763006
   500329809540015370000051350001012023301220235035763005
   500329809540015370000044850001012023301220230035763012
   500329809540015370000044850001012023301220230035763011
   500329809540015370000044850001012023301220230035763010
   500329809540015370000044850001012023301220230035763009
   500329809540015370000044850001012023301220230035763008
   500329809540015370000044850001012023301220230035763007
   500329809540015370000044850001012023301220230035763006
   500329809540015370000044850001012023301220230035763005
   500329809540015370000044850001012023301220230035763012
   500329809540015370000044850001012023301220230035763011
   500329809540015370000044850001012023301220230035763010
   500329809540015370000044850001012023301220230035763009
   500329809540015370000044850001012023301220230035763008
   500329809540015370000044850001012023301220230035763007
   500329809540015370000044850001012023301220230035763006
   500329809540015370000044850001012023301220230035763005
   500148367670015370000014280001122018301120195035763012
   500148367670015370000014280001122018301120195035763011
   500148367670015370000014280001122018301120195035763010
   500148367670015370000014280001122018301120195035763009
   500148367670015370000014280001122018301120195035763008
   500148367670015370000014280001122018301120195035763007
   500148367670015370000014280001122018301120195035763006
   500148367670015370000014280001122018301120195035763005
   500148367670015370000014280001122018301120195035763004
   500148367670015370000014280001122018301120195035763003
   500148367670015370000014280001122018301120195035763002
   500148367670015370000014280001122018301120195035763001
   500168415430015370000014280001042015300320165035763012
   500168415430015370000014280001042015300320165035763011
   500168415430015370000014280001042015300320165035763010
   500168415430015370000014280001042015300320165035763009
   500168415430015370000014280001042015300320165035763008
   500168415430015370000014280001042015300320165035763007
   500168415430015370000014280001042015300320165035763006
   500168415430015370000014280001042015300320165035763005
   500168415430015370000014280001042015300320165035763004
   500168415430015370000014280001042015300320165035763003
   500384424010015370000032200001122019300520215035763012
   500384424010015370000032200001122019300520215035763011
   500384424010015370000032200001122019300520215035763010
   500384424010015370000032200001122019300520215035763009
   500384424010015370000032200001122019300520215035763008
   500384424010015370000032200001122019300520215035763007
   500384424010015370000032200001122019300520215035763006
   500384424010015370000032200001122019300520215035763005
   500384424010015370000032200001122019300520215035763004
   500384424010015370000029900001122019300520210035763012
   500384424010015370000029900001122019300520210035763011
   500384424010015370000029900001122019300520210035763010
   500384424010015370000029900001122019300520210035763009
   500384424010015370000029900001122019300520210035763008
   500384424010015370000029900001122019300520210035763007
   500384424010015370000029900001122019300520210035763006
   500384424010015370000029900001122019300520210035763005
   500384424010015370000029900001122019300520210035763004
   500384424010015370000029900001122019300520210035763012
   500384424010015370000029900001122019300520210035763011
   500384424010015370000029900001122019300520210035763010
   500384424010015370000029900001122019300520210035763009
   500384424010015370000029900001122019300520210035763008
   500384424010015370000029900001122019300520210035763007
   500384424010015370000029900001122019300520210035763006
   500384424010015370000029900001122019300520210035763005
   500384424010015370000029900001122019300520210035763004
   500384424010015370000029900001122019300520210035763003
   500329809540015370000051350001012023301220235035763012
   500329809540015370000051350001012023301220235035763011
   500329809540015370000051350001012023301220235035763010
   500263440240015370000059800001052023300420240035763012
   500128997730015370000051350001052023300420245035763012
   500927191140015370000066300001052023300420245035763012
   500144878530015370000051350001052023300420245035763012
   500144878530015370000051350001052023300420245035763011
   500144878530015370000051350001052023300420245035763010
   500144878530015370000051350001052023300420245035763009
   500144878530015370000051350001052023300420245035763008
   500144878530015370000051350001052023300420245035763007
   500144878530015370000044850001052023300420240035763012
   500144878530015370000044850001052023300420240035763011
   500144878530015370000044850001052023300420240035763010
   500144878530015370000044850001052023300420240035763009
   500144878530015370000044850001052023300420240035763008
   500144878530015370000044850001052023300420240035763007
   500144878530015370000044850001052023300420240035763006
   500284823870015370000066300001052023300420245035763012
   500284823870015370000066300001052023300420245035763011
   500284823870015370000066300001052023300420245035763010
   500284823870015370000066300001052023300420245035763009
   500284823870015370000066300001052023300420245035763008
   500328014300015370000066300001052023300420245035763012
   500328014300015370000059800001052023300420240035763012